# The following is the parsable format, which can be fed to other
# programs. Each different item in every column has an unique ID
# starting from zero.
# CPU,Core,Socket,Node,,L1d,L1i,L2,L3
0,0,0,0,,0,0,0,0
1,1,0,0,,1,1,1,0
2,2,0,0,,2,2,2,0
3,3,0,0,,3,3,3,0
4,4,0,0,,4,4,4,0
5,5,0,0,,5,5,5,0
6,6,0,0,,6,6,6,0
7,7,0,0,,7,7,7,0
8,8,0,0,,8,8,8,0
9,9,0,0,,9,9,9,0
10,10,0,0,,10,10,10,0
11,11,0,0,,11,11,11,0
12,12,0,0,,12,12,12,0
13,13,0,0,,13,13,13,0
14,14,0,0,,14,14,14,0
15,15,0,0,,15,15,15,0
16,16,0,0,,16,16,16,0
17,17,0,0,,17,17,17,0
18,18,0,0,,18,18,18,0
19,19,0,0,,19,19,19,0
20,20,1,1,,20,20,20,1
21,21,1,1,,21,21,21,1
22,22,1,1,,22,22,22,1
23,23,1,1,,23,23,23,1
24,24,1,1,,24,24,24,1
25,25,1,1,,25,25,25,1
26,26,1,1,,26,26,26,1
27,27,1,1,,27,27,27,1
28,28,1,1,,28,28,28,1
29,29,1,1,,29,29,29,1
30,30,1,1,,30,30,30,1
31,31,1,1,,31,31,31,1
32,32,1,1,,32,32,32,1
33,33,1,1,,33,33,33,1
34,34,1,1,,34,34,34,1
35,35,1,1,,35,35,35,1
36,36,1,1,,36,36,36,1
37,37,1,1,,37,37,37,1
38,38,1,1,,38,38,38,1
39,39,1,1,,39,39,39,1
40,0,0,0,,0,0,0,0
41,1,0,0,,1,1,1,0
42,2,0,0,,2,2,2,0
43,3,0,0,,3,3,3,0
44,4,0,0,,4,4,4,0
45,5,0,0,,5,5,5,0
46,6,0,0,,6,6,6,0
47,7,0,0,,7,7,7,0
48,8,0,0,,8,8,8,0
49,9,0,0,,9,9,9,0
50,10,0,0,,10,10,10,0
51,11,0,0,,11,11,11,0
52,12,0,0,,12,12,12,0
53,13,0,0,,13,13,13,0
54,14,0,0,,14,14,14,0
55,15,0,0,,15,15,15,0
56,16,0,0,,16,16,16,0
57,17,0,0,,17,17,17,0
58,18,0,0,,18,18,18,0
59,19,0,0,,19,19,19,0
60,20,1,1,,20,20,20,1
61,21,1,1,,21,21,21,1
62,22,1,1,,22,22,22,1
63,23,1,1,,23,23,23,1
64,24,1,1,,24,24,24,1
65,25,1,1,,25,25,25,1
66,26,1,1,,26,26,26,1
67,27,1,1,,27,27,27,1
68,28,1,1,,28,28,28,1
69,29,1,1,,29,29,29,1
70,30,1,1,,30,30,30,1
71,31,1,1,,31,31,31,1
72,32,1,1,,32,32,32,1
73,33,1,1,,33,33,33,1
74,34,1,1,,34,34,34,1
75,35,1,1,,35,35,35,1
76,36,1,1,,36,36,36,1
77,37,1,1,,37,37,37,1
78,38,1,1,,38,38,38,1
79,39,1,1,,39,39,39,1
