# The following is the parsable format, which can be fed to other
# programs. Each different item in every column has an unique ID
# starting from zero.
# CPU,Core,Socket,Node,,L1d,L1i,L2,L3
0,0,0,0,,0,0,0,0
1,1,0,0,,1,1,1,0
2,2,0,0,,2,2,2,0
3,3,0,0,,3,3,3,0
4,4,0,0,,4,4,4,0
5,5,0,0,,5,5,5,0
6,6,0,0,,6,6,6,0
7,7,0,0,,7,7,7,0
8,8,0,0,,8,8,8,0
9,9,0,0,,9,9,9,0
10,10,0,0,,10,10,10,0
11,11,0,0,,11,11,11,0
12,12,0,0,,12,12,12,0
13,13,0,0,,13,13,13,0
14,14,0,0,,14,14,14,0
15,15,0,0,,15,15,15,0
16,16,0,0,,16,16,16,0
17,17,0,0,,17,17,17,0
18,18,0,0,,18,18,18,0
19,19,0,0,,19,19,19,0
20,20,0,0,,20,20,20,0
21,21,0,0,,21,21,21,0
22,22,1,1,,22,22,22,1
23,23,1,1,,23,23,23,1
24,24,1,1,,24,24,24,1
25,25,1,1,,25,25,25,1
26,26,1,1,,26,26,26,1
27,27,1,1,,27,27,27,1
28,28,1,1,,28,28,28,1
29,29,1,1,,29,29,29,1
30,30,1,1,,30,30,30,1
31,31,1,1,,31,31,31,1
32,32,1,1,,32,32,32,1
33,33,1,1,,33,33,33,1
34,34,1,1,,34,34,34,1
35,35,1,1,,35,35,35,1
36,36,1,1,,36,36,36,1
37,37,1,1,,37,37,37,1
38,38,1,1,,38,38,38,1
39,39,1,1,,39,39,39,1
40,40,1,1,,40,40,40,1
41,41,1,1,,41,41,41,1
42,42,1,1,,42,42,42,1
43,43,1,1,,43,43,43,1
44,0,0,0,,0,0,0,0
45,1,0,0,,1,1,1,0
46,2,0,0,,2,2,2,0
47,3,0,0,,3,3,3,0
48,4,0,0,,4,4,4,0
49,5,0,0,,5,5,5,0
50,6,0,0,,6,6,6,0
51,7,0,0,,7,7,7,0
52,8,0,0,,8,8,8,0
53,9,0,0,,9,9,9,0
54,10,0,0,,10,10,10,0
55,11,0,0,,11,11,11,0
56,12,0,0,,12,12,12,0
57,13,0,0,,13,13,13,0
58,14,0,0,,14,14,14,0
59,15,0,0,,15,15,15,0
60,16,0,0,,16,16,16,0
61,17,0,0,,17,17,17,0
62,18,0,0,,18,18,18,0
63,19,0,0,,19,19,19,0
64,20,0,0,,20,20,20,0
65,21,0,0,,21,21,21,0
66,22,1,1,,22,22,22,1
67,23,1,1,,23,23,23,1
68,24,1,1,,24,24,24,1
69,25,1,1,,25,25,25,1
70,26,1,1,,26,26,26,1
71,27,1,1,,27,27,27,1
72,28,1,1,,28,28,28,1
73,29,1,1,,29,29,29,1
74,30,1,1,,30,30,30,1
75,31,1,1,,31,31,31,1
76,32,1,1,,32,32,32,1
77,33,1,1,,33,33,33,1
78,34,1,1,,34,34,34,1
79,35,1,1,,35,35,35,1
80,36,1,1,,36,36,36,1
81,37,1,1,,37,37,37,1
82,38,1,1,,38,38,38,1
83,39,1,1,,39,39,39,1
84,40,1,1,,40,40,40,1
85,41,1,1,,41,41,41,1
86,42,1,1,,42,42,42,1
87,43,1,1,,43,43,43,1
